1000
1 -7.0
2 0.0
3 -4.0
4 -6.0
5 -6.0
6 -4.0
7 -5.0
8 -3.0
9 -8.0
10 -3.0
11 -4.0
12 -6.0
13 -1.0
14 -3.0
15 -3.0
16 -5.0
17 -1.0
18 -5.0
19 -7.0
20 -9.0
21 -9.0
22 -4.0
23 -5.0
24 -3.0
25 -5.0
26 -7.0
27 -9.0
28 -5.0
29 -1.0
30 -9.0
31 -3.0
32 -8.0
33 -2.0
34 -7.0
35 -4.0
36 -7.0
37 -6.0
38 -6.0
39 -1.0
40 -5.0
41 -4.0
42 -9.0
43 -7.0
44 -4.0
45 -4.0
46 -4.0
47 -3.0
48 -4.0
49 -4.0
50 -5.0
51 -9.0
52 -7.0
53 -4.0
54 -6.0
55 -10.0
56 -10.0
57 -6.0
58 -7.0
59 -1.0
60 -9.0
61 -5.0
62 -6.0
63 -4.0
64 -6.0
65 -2.0
66 -4.0
67 -6.0
68 -5.0
69 -2.0
70 -7.0
71 -8.0
72 -7.0
73 -3.0
74 -5.0
75 -9.0
76 -5.0
77 -5.0
78 -5.0
79 -7.0
80 -4.0
81 -9.0
82 -6.0
83 -5.0
84 -7.0
85 -5.0
86 -2.0
87 -7.0
88 -3.0
89 -9.0
90 -3.0
91 -5.0
92 -9.0
93 -9.0
94 -8.0
95 -6.0
96 -4.0
97 -4.0
98 -2.0
99 -6.0
100 -6.0
101 -5.0
102 -7.0
103 -2.0
104 -3.0
105 -5.0
106 -7.0
107 -8.0
108 -7.0
109 -7.0
110 -11.0
111 -11.0
112 -6.0
113 -5.0
114 -1.0
115 -4.0
116 -6.0
117 -6.0
118 -9.0
119 -7.0
120 -5.0
121 -7.0
122 -6.0
123 -4.0
124 -8.0
125 -4.0
126 -6.0
127 -4.0
128 -4.0
129 -12.0
130 -6.0
131 -6.0
132 -9.0
133 -6.0
134 -5.0
135 -9.0
136 -6.0
137 -4.0
138 -6.0
139 -2.0
140 -3.0
141 -6.0
142 -6.0
143 -7.0
144 -9.0
145 -5.0
146 -5.0
147 -4.0
148 -8.0
149 -6.0
150 -6.0
151 -5.0
152 -5.0
153 -6.0
154 -6.0
155 -1.0
156 -4.0
157 -6.0
158 -6.0
159 -3.0
160 -8.0
161 -6.0
162 -2.0
163 -10.0
164 -4.0
165 -5.0
166 -5.0
167 -3.0
168 -5.0
169 -3.0
170 -4.0
171 -8.0
172 -4.0
173 -4.0
174 -8.0
175 -2.0
176 -1.0
177 -2.0
178 -4.0
179 -7.0
180 -6.0
181 -5.0
182 -7.0
183 -5.0
184 -9.0
185 -1.0
186 -2.0
187 -3.0
188 -4.0
189 -9.0
190 -8.0
191 -5.0
192 -6.0
193 -7.0
194 -6.0
195 -10.0
196 0.0
197 -3.0
198 0.0
199 -5.0
200 -5.0
201 -1.0
202 -5.0
203 -6.0
204 -9.0
205 -10.0
206 -8.0
207 -9.0
208 -5.0
209 -2.0
210 -9.0
211 -6.0
212 -3.0
213 -8.0
214 -5.0
215 -3.0
216 -4.0
217 -6.0
218 -4.0
219 -4.0
220 -4.0
221 -6.0
222 -7.0
223 -7.0
224 -1.0
225 -3.0
226 -5.0
227 -2.0
228 -4.0
229 -3.0
230 -5.0
231 -6.0
232 -8.0
233 -8.0
234 -3.0
235 -7.0
236 -8.0
237 -4.0
238 -3.0
239 -7.0
240 -6.0
241 -3.0
242 -12.0
243 -5.0
244 -6.0
245 -3.0
246 -9.0
247 -7.0
248 -2.0
249 -8.0
250 -4.0
251 -5.0
252 -4.0
253 -4.0
254 -9.0
255 -3.0
256 -2.0
257 -1.0
258 -6.0
259 -5.0
260 -5.0
261 -8.0
262 -7.0
263 -9.0
264 -7.0
265 -6.0
266 -7.0
267 -6.0
268 -1.0
269 -4.0
270 -9.0
271 -6.0
272 -2.0
273 -9.0
274 -4.0
275 -6.0
276 -5.0
277 -2.0
278 -8.0
279 -8.0
280 -6.0
281 -1.0
282 -7.0
283 -2.0
284 -3.0
285 -7.0
286 -7.0
287 -3.0
288 -7.0
289 -12.0
290 -3.0
291 -8.0
292 -12.0
293 -6.0
294 -6.0
295 -12.0
296 -9.0
297 -6.0
298 -8.0
299 -7.0
300 -8.0
301 -4.0
302 -2.0
303 -7.0
304 -7.0
305 -5.0
306 -4.0
307 -6.0
308 -6.0
309 -6.0
310 -5.0
311 -8.0
312 -8.0
313 -6.0
314 -10.0
315 -5.0
316 -6.0
317 -6.0
318 -4.0
319 -2.0
320 -5.0
321 -4.0
322 -4.0
323 -8.0
324 -10.0
325 -7.0
326 -8.0
327 -7.0
328 -1.0
329 -8.0
330 -7.0
331 -7.0
332 -9.0
333 -8.0
334 -9.0
335 -7.0
336 -3.0
337 -6.0
338 -9.0
339 -7.0
340 -8.0
341 -5.0
342 -8.0
343 -11.0
344 -7.0
345 -5.0
346 -3.0
347 -7.0
348 -6.0
349 -7.0
350 -8.0
351 -9.0
352 -7.0
353 -7.0
354 -4.0
355 -6.0
356 -11.0
357 -4.0
358 -7.0
359 -6.0
360 -8.0
361 -4.0
362 -12.0
363 -4.0
364 -10.0
365 -7.0
366 -5.0
367 -4.0
368 -6.0
369 -5.0
370 -7.0
371 -12.0
372 -6.0
373 -10.0
374 -4.0
375 -10.0
376 -9.0
377 -8.0
378 -6.0
379 -9.0
380 -5.0
381 -4.0
382 -7.0
383 -9.0
384 -8.0
385 -10.0
386 -1.0
387 -8.0
388 -8.0
389 -8.0
390 -8.0
391 -7.0
392 -6.0
393 -6.0
394 -11.0
395 -7.0
396 -5.0
397 -9.0
398 -11.0
399 0.0
400 -7.0
401 -11.0
402 -7.0
403 -7.0
404 -5.0
405 -11.0
406 -7.0
407 -7.0
408 -9.0
409 -12.0
410 -8.0
411 -8.0
412 -6.0
413 -10.0
414 -7.0
415 -7.0
416 -4.0
417 -4.0
418 -7.0
419 -8.0
420 -4.0
421 -7.0
422 -8.0
423 -13.0
424 -10.0
425 -7.0
426 -9.0
427 -3.0
428 -5.0
429 -7.0
430 -6.0
431 -7.0
432 -11.0
433 -10.0
434 -6.0
435 -7.0
436 -10.0
437 -4.0
438 -12.0
439 -1.0
440 -6.0
441 -8.0
442 -7.0
443 -10.0
444 -7.0
445 -9.0
446 -11.0
447 -8.0
448 -5.0
449 -2.0
450 -4.0
451 -8.0
452 -3.0
453 -6.0
454 -14.0
455 -5.0
456 -10.0
457 -3.0
458 -9.0
459 -9.0
460 -9.0
461 0.0
462 -11.0
463 -8.0
464 -8.0
465 -10.0
466 -10.0
467 -9.0
468 -5.0
469 -3.0
470 -11.0
471 -5.0
472 -9.0
473 -5.0
474 -7.0
475 -7.0
476 -8.0
477 -5.0
478 -7.0
479 -8.0
480 -10.0
481 -6.0
482 -3.0
483 -6.0
484 -8.0
485 -10.0
486 -10.0
487 -7.0
488 -4.0
489 -1.0
490 -8.0
491 -6.0
492 -9.0
493 -12.0
494 -5.0
495 -9.0
496 -7.0
497 -6.0
498 -9.0
499 -9.0
500 -13.0
501 -6.0
502 -9.0
503 -7.0
504 -2.0
505 -9.0
506 -9.0
507 -8.0
508 -7.0
509 -8.0
510 -7.0
511 -11.0
512 -10.0
513 -6.0
514 -11.0
515 -13.0
516 -11.0
517 -10.0
518 -12.0
519 -4.0
520 -6.0
521 -7.0
522 -9.0
523 -5.0
524 -9.0
525 -8.0
526 -6.0
527 -9.0
528 0.0
529 -11.0
530 -10.0
531 -9.0
532 -8.0
533 -7.0
534 -13.0
535 -12.0
536 -8.0
537 -6.0
538 -8.0
539 -11.0
540 -8.0
541 -12.0
542 -9.0
543 -12.0
544 -8.0
545 -10.0
546 -11.0
547 -9.0
548 -9.0
549 -9.0
550 -11.0
551 -7.0
552 -8.0
553 -7.0
554 -4.0
555 -6.0
556 -6.0
557 -5.0
558 -5.0
559 -11.0
560 -8.0
561 -14.0
562 -11.0
563 -13.0
564 -7.0
565 -8.0
566 -14.0
567 -10.0
568 -10.0
569 -6.0
570 -9.0
571 -9.0
572 -6.0
573 -12.0
574 -6.0
575 -4.0
576 -9.0
577 -6.0
578 -10.0
579 -7.0
580 -13.0
581 -11.0
582 -8.0
583 -9.0
584 -10.0
585 -3.0
586 -6.0
587 -3.0
588 -15.0
589 -9.0
590 -11.0
591 -11.0
592 -5.0
593 -4.0
594 -10.0
595 -8.0
596 -4.0
597 -11.0
598 -8.0
599 -10.0
600 -7.0
601 -6.0
602 -8.0
603 -9.0
604 -9.0
605 -11.0
606 -10.0
607 -13.0
608 -9.0
609 -9.0
610 -12.0
611 -9.0
612 -8.0
613 -12.0
614 -15.0
615 -10.0
616 -7.0
617 -13.0
618 -10.0
619 -8.0
620 -10.0
621 -14.0
622 -9.0
623 -13.0
624 -10.0
625 -15.0
626 -7.0
627 -6.0
628 -10.0
629 -10.0
630 -10.0
631 -11.0
632 -9.0
633 -11.0
634 -7.0
635 -13.0
636 -8.0
637 -11.0
638 -5.0
639 -7.0
640 -4.0
641 -10.0
642 -9.0
643 -10.0
644 -10.0
645 -3.0
646 -10.0
647 -9.0
648 -11.0
649 -13.0
650 -9.0
651 -11.0
652 -11.0
653 -7.0
654 -8.0
655 -9.0
656 -9.0
657 -5.0
658 -8.0
659 -10.0
660 -10.0
661 -5.0
662 -9.0
663 -10.0
664 -3.0
665 -11.0
666 -7.0
667 -12.0
668 -7.0
669 -9.0
670 -10.0
671 -5.0
672 -12.0
673 -14.0
674 -14.0
675 -7.0
676 -10.0
677 -8.0
678 -8.0
679 -11.0
680 -10.0
681 -7.0
682 -11.0
683 -11.0
684 -11.0
685 -12.0
686 -15.0
687 -9.0
688 -14.0
689 -9.0
690 -10.0
691 -10.0
692 -9.0
693 -14.0
694 -8.0
695 -14.0
696 -9.0
697 -6.0
698 -10.0
699 -8.0
700 -9.0
701 -9.0
702 -13.0
703 -7.0
704 -8.0
705 -12.0
706 -8.0
707 -10.0
708 -9.0
709 -12.0
710 -3.0
711 -9.0
712 -7.0
713 -14.0
714 -8.0
715 -14.0
716 -12.0
717 -12.0
718 -9.0
719 -10.0
720 -14.0
721 -8.0
722 -13.0
723 -11.0
724 -9.0
725 -10.0
726 -10.0
727 -11.0
728 -8.0
729 -11.0
730 -10.0
731 -7.0
732 -15.0
733 -9.0
734 -8.0
735 -9.0
736 -14.0
737 -10.0
738 -7.0
739 -15.0
740 -10.0
741 -12.0
742 -17.0
743 -10.0
744 -9.0
745 -10.0
746 -10.0
747 -10.0
748 -3.0
749 -5.0
750 -16.0
751 -11.0
752 -10.0
753 -11.0
754 -10.0
755 -11.0
756 -8.0
757 -7.0
758 -10.0
759 -14.0
760 -14.0
761 -9.0
762 -12.0
763 -9.0
764 -3.0
765 -8.0
766 -14.0
767 -12.0
768 -12.0
769 -13.0
770 -11.0
771 -16.0
772 -13.0
773 -11.0
774 -16.0
775 -11.0
776 -5.0
777 -16.0
778 -11.0
779 -11.0
780 -9.0
781 -9.0
782 -4.0
783 -12.0
784 -12.0
785 -13.0
786 -13.0
787 -14.0
788 -15.0
789 -10.0
790 -10.0
791 -10.0
792 -12.0
793 -16.0
794 -12.0
795 -17.0
796 -13.0
797 -7.0
798 -16.0
799 -7.0
800 -9.0
801 -6.0
802 -11.0
803 -15.0
804 -12.0
805 -13.0
806 -13.0
807 -9.0
808 -12.0
809 -7.0
810 -16.0
811 -12.0
812 -7.0
813 -12.0
814 -6.0
815 -10.0
816 -13.0
817 -15.0
818 -9.0
819 -15.0
820 -8.0
821 -11.0
822 -14.0
823 -10.0
824 -8.0
825 -9.0
826 -9.0
827 -9.0
828 -12.0
829 -17.0
830 -12.0
831 -8.0
832 -18.0
833 -14.0
834 -8.0
835 -8.0
836 -17.0
837 -10.0
838 -10.0
839 -14.0
840 -9.0
841 -15.0
842 -13.0
843 -13.0
844 -12.0
845 -9.0
846 -7.0
847 -11.0
848 -7.0
849 -10.0
850 -14.0
851 -14.0
852 -9.0
853 -10.0
854 -14.0
855 -9.0
856 -10.0
857 -14.0
858 -13.0
859 -12.0
860 -12.0
861 -13.0
862 -12.0
863 -12.0
864 -13.0
865 -13.0
866 -15.0
867 -12.0
868 -6.0
869 -10.0
870 -14.0
871 -11.0
872 -16.0
873 -11.0
874 -10.0
875 -4.0
876 -15.0
877 -13.0
878 -11.0
879 -9.0
880 -10.0
881 -14.0
882 -12.0
883 -14.0
884 -13.0
885 -7.0
886 -11.0
887 -11.0
888 -11.0
889 -12.0
890 -18.0
891 -12.0
892 -15.0
893 -13.0
894 -13.0
895 -18.0
896 -8.0
897 -9.0
898 -17.0
899 -12.0
900 -12.0
901 -8.0
902 -9.0
903 -8.0
904 -19.0
905 -16.0
906 -12.0
907 -9.0
908 -17.0
909 -11.0
910 -12.0
911 -4.0
912 -12.0
913 -11.0
914 -8.0
915 -15.0
916 -10.0
917 -14.0
918 -15.0
919 -12.0
920 -8.0
921 -17.0
922 -14.0
923 -10.0
924 -16.0
925 -13.0
926 -6.0
927 -11.0
928 -13.0
929 -14.0
930 -15.0
931 -16.0
932 -13.0
933 -12.0
934 -14.0
935 -17.0
936 -10.0
937 -12.0
938 -14.0
939 -14.0
940 -13.0
941 -16.0
942 -13.0
943 -9.0
944 -15.0
945 -14.0
946 -6.0
947 -15.0
948 -17.0
949 -10.0
950 -13.0
951 -14.0
952 -12.0
953 -10.0
954 -11.0
955 -13.0
956 -14.0
957 -14.0
958 -15.0
959 -15.0
960 -12.0
961 -13.0
962 -12.0
963 -13.0
964 -15.0
965 -18.0
966 -14.0
967 -11.0
968 -16.0
969 -16.0
970 -9.0
971 -11.0
972 -7.0
973 -13.0
974 -14.0
975 -10.0
976 -11.0
977 -10.0
978 -9.0
979 -13.0
980 -10.0
981 -11.0
982 -11.0
983 -15.0
984 -12.0
985 -12.0
986 -15.0
987 -16.0
988 -10.0
989 -12.0
990 -14.0
991 -15.0
992 -15.0
993 -13.0
994 -15.0
995 -12.0
996 -16.0
997 -11.0
998 -14.0
999 -14.0
1000 -13.0
